pitch=0 viewHeight=400 viewWidth=700 aspect=1.750
  frac x  frac y |  3D lands at   |  OLD world-cam err | NEW projectGround err
   0.05    0.05  |     35     20 |        0        0 |         0         0
   0.50    0.05  |    350     20 |        0        0 |         0         0
   0.95    0.05  |    665     20 |        0        0 |         0         0
   0.05    0.25  |     35    100 |        0        0 |         0         0
   0.50    0.25  |    350    100 |        0        0 |         0         0
   0.95    0.25  |    665    100 |        0        0 |         0         0
   0.05    0.50  |     35    200 |        0        0 |         0         0
   0.50    0.50  |    350    200 |        0        0 |         0         0
   0.95    0.50  |    665    200 |        0        0 |         0         0
   0.05    0.75  |     35    300 |        0        0 |         0         0
   0.50    0.75  |    350    300 |        0        0 |         0         0
   0.95    0.75  |    665    300 |        0        0 |         0         0
   0.05    0.95  |     35    380 |        0        0 |         0         0
   0.50    0.95  |    350    380 |        0        0 |         0         0
   0.95    0.95  |    665    380 |        0        0 |         0         0
worst error, world px:  OLD 0.00   NEW 0.00
worst error unrounded:  OLD 3.352e-14   NEW 3.352e-14
