pitch=0 viewHeight=360 viewWidth=630 aspect=1.750
  frac x  frac y |  3D lands at   |  OLD world-cam err | NEW projectGround err
   0.05    0.05  |   31.5     18 |        0        0 |         0         0
   0.50    0.05  |    315     18 |        0        0 |         0         0
   0.95    0.05  |  598.5     18 |        0        0 |         0         0
   0.05    0.25  |   31.5     90 |        0        0 |         0         0
   0.50    0.25  |    315     90 |        0        0 |         0         0
   0.95    0.25  |  598.5     90 |        0        0 |         0         0
   0.05    0.50  |   31.5    180 |        0        0 |         0         0
   0.50    0.50  |    315    180 |        0        0 |         0         0
   0.95    0.50  |  598.5    180 |        0        0 |         0         0
   0.05    0.75  |   31.5    270 |        0        0 |         0         0
   0.50    0.75  |    315    270 |        0        0 |         0         0
   0.95    0.75  |  598.5    270 |        0        0 |         0         0
   0.05    0.95  |   31.5    342 |        0        0 |         0         0
   0.50    0.95  |    315    342 |        0        0 |         0         0
   0.95    0.95  |  598.5    342 |        0        0 |         0         0
worst error, world px:  OLD 0.00   NEW 0.00
worst error unrounded:  OLD 7.944e-15   NEW 7.944e-15
