pitch=10 viewHeight=400 viewWidth=700 aspect=1.750
  frac x  frac y |  3D lands at   |  OLD world-cam err | NEW projectGround err
   0.05    0.05  |   49.4   30.8 |    -14.4    -10.8 |         0         0
   0.50    0.05  |    350   30.8 |        0    -10.8 |         0         0
   0.95    0.05  |  650.6   30.8 |     14.4    -10.8 |         0         0
   0.05    0.25  |   43.1  104.1 |     -8.1     -4.1 |         0         0
   0.50    0.25  |    350  104.1 |        0     -4.1 |         0         0
   0.95    0.25  |  656.9  104.1 |      8.1     -4.1 |         0         0
   0.05    0.50  |     35    200 |        0        0 |         0         0
   0.50    0.50  |    350    200 |        0        0 |         0         0
   0.95    0.50  |    665    200 |        0        0 |         0         0
   0.05    0.75  |   26.4  301.2 |      8.6     -1.2 |         0         0
   0.50    0.75  |    350  301.2 |        0     -1.2 |         0         0
   0.95    0.75  |  673.6  301.2 |     -8.6     -1.2 |         0         0
   0.05    0.95  |   19.2  386.2 |     15.8     -6.2 |         0         0
   0.50    0.95  |    350  386.2 |        0     -6.2 |         0         0
   0.95    0.95  |  680.8  386.2 |    -15.8     -6.2 |         0         0
worst error, world px:  OLD 18.00   NEW 0.00
worst error unrounded:  OLD 1.798e+1   NEW 2.050e-13
