merged tarmac sheet tiles: before 215, after 216
  gained: 578,646
  lost:   (none)

before: 13 deck run(s) of 8+ tiles, 1564 bridge tiles
     242 tiles  [335, 343, 341, 404]
     219 tiles  [447, 357, 455, 414]
     190 tiles  [625, 613, 667, 640]
     182 tiles  [156, 469, 200, 483]
     181 tiles  [267, 337, 277, 382]
     177 tiles  [177, 222, 221, 233]
     175 tiles  [275, 341, 285, 385]
      71 tiles  [272, 294, 278, 315]
      34 tiles  [275, 317, 278, 326]
      31 tiles  [394, 423, 401, 427]
      30 tiles  [283, 313, 286, 322]
      22 tiles  [388, 490, 393, 493]
      10 tiles  [332, 530, 334, 533]

after: 16 deck run(s) of 8+ tiles, 2549 bridge tiles
     375 tiles  [563, 278, 572, 373]
     295 tiles  [645, 306, 653, 379]
     289 tiles  [637, 309, 645, 380]
     242 tiles  [335, 343, 341, 404]
     219 tiles  [447, 357, 455, 414]
     216 tiles  [613, 612, 665, 635]
     182 tiles  [156, 469, 200, 483]
     181 tiles  [267, 337, 277, 382]
     177 tiles  [177, 222, 221, 233]
     175 tiles  [275, 341, 285, 385]
      71 tiles  [272, 294, 278, 315]
      34 tiles  [275, 317, 278, 326]
      31 tiles  [394, 423, 401, 427]
      30 tiles  [283, 313, 286, 322]
      22 tiles  [388, 490, 393, 493]
      10 tiles  [332, 530, 334, 533]
