# 385,300-555,375 mode=owner
# 0=Ravenhill 1=The Spine 2=North Point 3=Old Quarter 4=Ravenhill Park 5=The Terraces 6=Beachfront 7=Old Suburbs 8=New Suburbs 9=Sunridge Park a=Sunridge Shore b=Marsh End c=Vasco Heights d=The Docks e=The Foundry f=Gannet Rock
          |         |         |         |         |         |         |         |         |         |         |         |         |         |         |         |         |     
 300 00000000000000000000000000000000000000011111111111111111111111111111111111111111111111111111111111111111111111111111111111111111111111111111111111111111111111111113333333 
 301 00000000000000000000000000000000000000011111111111111111111111111111111111111111111111111111111111111111111111111111111111111111111111111111111111111111111111111113333333 
 302 00000000000000000000000000000000000000011111111111111111111111111111111111111111111111111111111111111111111111111111111111111111111111111111111111111111111111111113333333 
 303 0000000000000000000000000000000000000001111111111111111111111111111111111111111111111111111111111111111111111111111111111111111111111111111111111111111111111111111333333  
 304 0000000000000000000000000000000000000001111111111111111111111111111111111111111111111111111111111111111111111111111111111111111111111111111111111111111111111111111333333  
 305 000000000000000000000000000000000000000111111111111111111111111111111111111111111111111111111111111111111111111111111111111111111111111111111111111111111111111111133333   
 306 000000000000000000000000000000000000000111111111111111111111111111111111111111111111111111111111111111111111111111111111111111111111111111111111111111111111111111133333   
 307 00000000000000000000000000000000000000011111111111111111111111111111111111111111111111111111111111111111111111111111111111111111111111111111111111111111111111111113333    
 308 00000000000000000000000000000000000000011111111111111111111111111111111111111111111111111111111111111111111111111111111111111111111111111111111111111111111111111113333    
 309 0000000000000000000000000000000000000001111111111111111111111111111111111111111111111111111111111111111111111111111111111111111111111111111111111111111111111111111333     
 310 0000000000000000000000000000000000000001111111111111111111111111111111111111111111111111111111111111111111111111111111111111111111111111111111111111111111111111111333     
 311 00    000000000000000000000000000000000111111111111111111111111111111111111111111111111111111111111111111111111111111111111111111111111111111111111111111111111111133      
 312         0000000000000000000000000000000111111111111111111111111111111111111111111111111111111111111111111111111111111111111111111111111111111111111111111111111111133      
 313           0000000000000000000000000000011111111111111111111111111111111111111111111111111111111111111111111111111111111111111111111111111111111111111111111111111113       
 314            000000000000000000000000000011111111111111111111111111111111111111111111111111111111111111111111111111111111111111111111111111111111111111111111111111113       
 315             0000000000000000000000000001111111111111111111111111111111111111111111111111111111111111111111111111111111111111111111111111111111111111111111111111111        
 316              000000000000000000000000001111111111111111111111111111111111111111111111111111111111111111111111111111111111111111111111111111111111111111111111111111        
 317               0000000000000000000000000111111111111111111111111111111111111111111111111111111111111111111111111111111111111111111111111111111111111111111111111111         
 318                000000000000000000000000111111111111111111111111111111111111111111111111111111111111111111111111111111111111111111111111111111111111111111111111111         
 319                000000000000000000000000111111111111111111111111111111111111111111111111111111111111111111111111111111111111111111111111111111111111111111111111111         
 320                 0000000000000000000000011111111111111111111111111111111111111111111111111111111111111111111111111111111111111111111111111111111111111111111111111          
 321                 0000000000000000000000011111111111111111111111111111111111111111111111111111111111111111111111111111111111111111111111111111111111111111111111111          
 322                 0000000000000000000000011111111111111111111111111111111111111111111111111111111111111111111111111111111111111111111111111111111111111111111111111          
 323                  000000          0000001111111111111111111111111111111111111111111111111111111111111111111111111111111111111111111111111111111111111111111111111           
 324                  00000                01111111111111111111111111111111111111111111111111111111111111111111111111111111111111111111111111111111111111111111111111           
 325                   00                     11111111111111111111111111111111111111111111111111111111111111111111111111111111111111111111111111111111111111111111111           
 326                                           111111111111111111111111111111111111111111111111111111111111111111111111111111111111111111111111111111111111111111111            
 327                                            11111111111111111111111111111111111111111111111111111111111111111111111111111111111111111111111111111111111111111111            
 328                                             111111111111111111111111111111111111111111111111111111111111111111111111111111111111111111111111111111111111111111             
 329                                              11111111111111111111111111111111111111111111111111111111111111111111111111111111111111111111111111111111111111111             
 330                                               111111111111111111111111111111111111111111111111111111111111111111111111111111111111111111111111111111111111111              
 331                                                11111111111111111111111111111111111111111111111111111111111111111111111111111111111111111111111111111111111111              
 332                                                 111111111111111111111111111111111111111111111111111111111111111111111111111111111111111111111111111111111111               
 333                                                  11111111111111111111111111111111111111111111111111111111111111111111111111111111111111111111111111111111111               
 334                                                   111111111111111111111111111111111111111111111111111111111111111111111111111111111111111111111111111111111                
 335                                                    11111111111111111111111111111111111111111111111111111111111111111111111111111111111111111111111111111111                
 336                                                     1111111111111111111111111111111111111111111111111111111111111111111111111111111111111111111111111111111                
 337                                                      11111111111111111111111111111111111111111111111111111111111111111111111111111111111111111111111111111                 
 338                                                      11111111111111111111111111111111111111111111111111111111111111111111111111111111111111111111111111111                 
 339                                                       11111111111111166666666666666666666611111111111111111111166661116661111111111111111111111111111111111                
 340                                                       1111111111111666666666666666666666666611111111111111111666666666666661111111111111111111111111111111111              
 341                                                        11111111116666666666666666666666666666611111111111116666666666666666661111111111111111111111111111111111111         
 342                                                        11111111666666666666666666666666666666666111111111666666666666666666666611111111111111111111111111111111111         
 343                                                        11111166666666666666666666666666666666666661111166666666666666666666666666111111111111111111111111111111111         
 344                                                        11116666666666666666666666666666666666666666616666666666666666666666666666661111111111111111111111111111111         
 345                                                         166666666666666666666666666666666666666666666666666666666666666666666666666661111111111111111111111111111          
 346                                                         666666666666666666666666666666666666666666666666666666666666666666666666666666611111111111111111111111111          
 347                                                         666666666666666666666666666666666666666666666666666666666666666666666666666666666111111111111111111111111          
 348                                                          6666666666666666666666666666666666666666666666666666666666666666666666666666666666111111111111111111111           
 349                                                          6666  6666666666666666666666666666666666666666666666666666666666666666666666666666661111111111111111111           
 350                                                           66   666666666666666666666666666666666666666666666666666666666666666666666666666666661111111111111111            
 351                                                                 66666666666666666666666666666666666666666666666666666666666666666666666666666666611111111111111            
 352                                                                 6666666666666666666666666666666666666666666666666666666666666666666666666666666666611111111111             
 353                                                                 666666666666666666666666666666666666666666666666666666666666666666666666666666666666611111111              
 354                                                                  6666666666666666666666666666666666666666666666666666666666666666666666666666666666666611111               
 355                                                                  666666666666666666666666666666666666666666666666666666666666666666666666666666666666666611                
 356                                                                  66666666666666666666666666666666666666666666666666666666666666666666666666666666666666666                 
 357                                                                   666666666666666666666666666666   666666666666666666666666666666666666666666666666666666                  
 358                                                                   6666666666666666666666666666       666666666666666666666666666666666666666666666666666                   
 359                                                                   666666666666666666666666666         666666666666666666666666666666666666666666666666                     
 360                                                                    6666666666666666666666666            66666666666666666666666666666666666666666666                       
 361                                                                    666666666666666666666666              66666666666666666666666666666666                                  
 362                                                                    66666666666666666666666                 66666666666666666666666666                                      
 363                                                                     666666666666666666666                   6666666666666666666666                                         
 364                                                                     666666666666666666666                     666666  666666666                                            
 365                                                                      6666666666666666666666                     66     6                                                   
 366                                                                      666666666666666666666666                                                                              
 367                                                                       666666666666666666666666                                                                             
 368                                                                        666666666666666666666                                                                               
 369                                                                          66666666666666666                                                                                 
 370                                                                          666666666666666                                                                                   
 371                                                                          66666666666666                                                                                    
 372                                                                          666666666666                                                                                      
 373                                                                           6666666666                                                                                       
 374                                                                            66666666                                                                                        
 375                                                                              66666                                                                                         
